0.52 0.33
0.30 0.31
0.50 0.20
0.48 0.14
0.56 0.25
0.50 0.18
0.54 0.12
0.56 0.24
0.38 0.33
0.54 0.35
0.32 0.31
0.36 0.35
0.54 0.10
0.56 0.22
0.52 0.20
0.48 0.27
0.38 0.31
0.50 0.31
0.40 0.35
0.52 0.18
0.54 0.33
0.36 0.33
0.48 0.25
0.25 0.27
0.48 0.24
0.50 0.29
0.27 0.31
0.36 0.31
0.56 0.35
0.56 0.10
0.34 0.33
0.54 0.22
0.27 0.29
0.52 0.31
0.56 0.33
0.34 0.31
0.54 0.20
0.48 0.12
0.52 0.29
0.42 0.35
0.54 0.18
0.50 0.16
0.48 0.35
0.48 0.10
0.52 0.27
0.42 0.33
0.50 0.14
0.25 0.35
0.56 0.20
0.54 0.31
0.56 0.18
0.52 0.16
0.25 0.33
0.40 0.33
0.48 0.22
0.54 0.29
0.50 0.27
0.40 0.31
0.44 0.35
0.52 0.14
0.48 0.20
0.50 0.25
0.52 0.12
0.56 0.31
0.30 0.35
0.44 0.33
0.50 0.24
0.56 0.29
0.46 0.35
0.54 0.16
0.48 0.33
0.52 0.25
0.56 0.27
0.42 0.31
0.32 0.35
0.46 0.33
0.50 0.12
0.54 0.14
0.52 0.24
0.48 0.31
0.38 0.35
0.46 0.31
0.50 0.35
0.50 0.10
0.32 0.33
0.52 0.22
0.48 0.29
0.25 0.31
0.29 0.35
0.56 0.16
0.27 0.35
0.50 0.33
0.25 0.29
0.54 0.27
0.56 0.14
0.29 0.33
0.48 0.18
0.27 0.33
0.54 0.25
0.52 0.35
0.56 0.12
0.52 0.10
0.29 0.31
0.44 0.31
0.34 0.35
0.30 0.33
0.50 0.22
0.54 0.24
0.48 0.16
